Version 0.9.7
7
 4 137 246 77 128 0 1
 5 80 400 206 81 2 2
 0 245 174 877 276 8 3
 1 325 29 206 81 140 4
 1 313 496 206 81 150 5
 3 923 449 203 58 160 6
 6 969 45 449 130 169 7
 0
43
 255 5 198 260 198 260 198 188 198 188 298 188 298 188 0 1 0 3
 0 5 198 359 198 359 198 435 198 435 298 435 298 435 0 1 0 3
 0 5 198 320 198 320 211 320 211 201 298 201 298 201 0 1 0 3
 255 5 198 299 198 299 211 299 211 422 298 422 298 422 0 1 0 3
 255 5 350 188 350 188 350 188 350 240 350 240 350 240 0 3 0 3
 0 5 493 435 493 435 493 435 493 383 493 383 493 383 0 3 0 3
 0 5 324 201 324 201 324 98 324 98 340 98 340 98 0 3 0 4
 255 5 311 188 311 188 311 40 311 40 340 40 340 40 0 3 0 4
 0 5 311 435 311 435 311 565 311 565 328 565 328 565 0 3 0 5
 255 5 324 422 324 422 324 507 324 507 328 507 328 507 0 3 0 5
 255 5 675 188 675 188 675 163 985 163 985 72 985 72 0 3 0 7
 255 5 714 188 714 188 714 188 714 240 714 240 714 240 0 3 0 3
 0 5 805 435 805 435 805 435 805 383 805 383 805 383 0 3 0 3
 0 5 558 435 558 435 558 486 558 486 934 486 934 486 0 3 0 6
 5263440 5 428 240 428 227 549 227 549 40 457 40 457 40 0 3 0 4
 5263440 5 402 240 402 212 541 212 541 40 476 40 476 40 0 3 0 4
 5263440 5 376 240 376 187 534 187 534 40 495 40 495 40 0 3 0 4
 5263440 5 350 383 350 383 350 333 514 333 514 40 514 40 0 3 0 4
 16744448 5 381 40 381 40 255 40 255 240 415 240 415 240 0 4 0 3
 16744448 5 389 240 389 240 228 240 228 40 400 40 400 40 0 3 0 4
 16744448 5 363 240 363 240 186 240 186 40 419 40 419 40 0 3 0 4
 16744448 5 363 383 363 355 201 355 201 40 438 40 438 40 0 3 0 4
 128 5 376 383 376 396 411 396 411 470 445 470 445 507 0 3 0 5
 128 5 389 383 389 420 480 420 480 507 464 507 464 507 0 3 0 5
 128 5 402 383 402 383 402 483 483 483 483 507 483 507 0 3 0 5
 128 5 415 383 415 401 444 401 444 463 502 463 502 507 0 3 0 5
 16384 5 388 507 388 507 360 507 360 410 441 410 441 383 0 5 0 3
 16384 5 428 383 428 383 428 507 428 507 369 507 369 507 0 3 0 5
 65280 5 779 370 779 370 779 339 1038 339 1038 493 1049 493 0 3 0 6
 65280 5 727 370 727 370 727 331 1060 331 1060 493 1069 493 0 3 0 6
 65280 5 1109 493 1109 491 1208 491 1208 334 792 334 792 370 0 6 0 3
 65280 5 714 370 714 370 714 330 1099 330 1099 493 1089 493 0 3 0 6
 12615808 5 454 383 454 383 454 333 792 333 792 383 792 383 0 3 0 3
 12615808 5 480 383 480 383 480 366 727 366 727 383 727 383 0 3 0 3
 12615808 5 714 383 714 383 714 383 467 383 467 383 467 383 0 3 0 3
 12615808 5 779 383 779 383 493 383 493 383 493 240 493 240 0 3 0 3
 65535 5 740 240 740 240 740 258 1396 258 1396 168 1396 168 0 3 0 7
 65535 5 727 240 727 240 727 279 1383 279 1383 168 1383 168 0 3 0 7
 65535 5 1370 168 1370 168 1370 240 1370 240 805 240 805 240 0 7 0 3
 65535 5 792 240 792 240 1357 240 1357 240 1357 168 1357 168 0 3 0 7
 65535 5 779 240 779 240 1344 240 1344 240 1344 168 1344 168 0 3 0 7
 65535 5 1331 168 1331 168 1331 240 1331 240 766 240 766 240 0 7 0 3
 65535 5 1318 168 1318 168 1318 229 753 229 753 240 753 240 0 7 0 3
2
 7181 1 24 344 292 5 0 0 20124 3
 7047 1 16 708 292 5 0 0 20124 3
