Version 0.9.7
5
 4 10 175 77 128 0 1
 5 80 400 206 81 2 2
 0 110 110 877 276 8 3
 1 538 483 206 81 140 4
 3 498 2 203 58 150 5
 0
23
 255 5 71 189 71 189 71 124 71 124 163 124 163 124 0 1 0 3
 255 5 176 137 176 137 176 137 176 124 176 124 176 124 0 3 0 3
 65793 5 71 288 71 288 71 288 71 371 163 371 163 371 0 1 0 3
 65793 5 176 371 176 371 176 371 176 358 176 358 176 358 0 3 0 3
 65793 5 509 39 509 39 58 39 58 381 189 381 189 371 0 5 0 3
 65793 5 553 552 553 552 553 582 215 582 215 371 215 371 0 4 0 3
 255 5 71 202 71 202 28 202 28 494 553 494 553 494 0 1 0 4
 255 5 436 319 436 319 436 337 189 337 189 137 189 137 0 3 0 3
 65793 5 423 202 423 202 423 202 436 202 436 202 436 202 0 3 0 3
 65793 5 436 189 438 189 438 98 202 98 202 358 202 358 0 3 0 3
 65280 5 475 215 475 215 506 215 506 75 624 75 624 46 0 3 0 5
 65280 5 449 280 449 280 478 280 478 62 604 62 604 46 0 3 0 5
 65280 5 397 319 397 319 398 319 398 100 584 100 584 46 0 3 0 5
 65280 5 410 215 410 215 410 56 544 56 544 46 544 46 0 3 0 5
 65280 5 397 215 397 215 397 86 564 86 564 46 564 46 0 3 0 5
 16777215 5 384 189 390 189 390 475 594 475 594 520 594 520 0 3 0 4
 16777215 5 613 507 613 507 613 423 423 423 423 280 423 280 0 4 0 3
 16777215 5 449 189 449 189 327 189 327 455 651 455 651 520 0 3 0 4
 16777215 5 462 306 462 416 368 416 632 520 632 520 632 520 0 3 0 4
 8388672 5 384 319 384 319 384 328 670 328 670 520 670 520 0 3 0 4
 8388672 5 410 319 410 394 698 394 698 520 689 520 689 520 0 3 0 4
 8388672 5 475 319 475 319 797 319 797 506 708 506 708 520 0 3 0 4
 8388672 5 462 189 462 189 807 189 807 520 727 520 727 520 0 3 0 4
1
 7083 1 16 378 228 5 0 0 8583448 3
