Version 0.9.7
5
 4 -1 223 77 128 0 1
 5 80 400 206 81 2 2
 1 74 416 206 81 8 3
 3 661 481 203 58 18 4
 0 93 96 877 276 27 5
 0
19
 8421631 5 60 276 60 276 8 276 8 427 89 427 89 427 0 1 0 3
 8421631 5 60 237 60 237 60 123 60 123 146 123 146 123 0 1 0 5
 8421631 5 60 250 60 250 367 250 367 250 367 201 367 201 0 1 0 5
 8388672 5 432 279 1184 279 1184 458 727 458 727 525 727 525 0 5 0 4
 65280 5 419 266 419 266 686 266 686 525 707 525 707 525 0 5 0 4
 16512 5 445 292 445 391 1166 391 1166 525 747 525 747 525 0 5 0 4
 0 5 60 336 60 336 60 344 60 344 146 344 146 344 0 1 0 5
 0 5 146 357 146 357 22 357 22 485 89 485 89 485 0 5 0 3
 0 5 458 292 458 292 510 292 510 346 458 346 458 344 0 5 0 5
 0 5 224 357 224 357 295 357 295 518 672 518 672 518 0 5 0 4
 16512 5 198 344 198 344 198 344 198 357 198 357 198 357 0 5 0 5
 4227072 5 263 427 263 427 263 19 445 19 445 175 445 175 0 3 0 5
 8388863 5 419 188 419 188 246 188 246 427 244 427 244 427 0 5 0 3
 8421440 5 432 175 432 175 432 29 168 29 168 440 168 440 0 5 0 3
 16777215 5 458 188 390 188 390 379 187 379 187 427 187 427 0 5 0 3
 16776960 5 225 427 225 442 18 442 18 201 406 201 406 201 0 3 0 5
 65535 5 206 427 206 427 614 427 614 201 380 201 380 201 0 3 0 5
 32896 5 149 427 149 427 149 175 149 175 393 175 393 175 0 3 0 5
 33023 5 130 427 130 427 130 292 130 292 380 292 380 292 0 3 0 5
1
 7085 1 16 361 214 5 0 0 8583448 5
